BOTONIIQ SPECIES V4 - ORIGINAL TEST EVALUATION
======================================================================

Test Images     : 1041
Top-1 Correct   : 972
Top-1 Incorrect : 69
Top-1 Accuracy  : 93.37%
Top-3 Accuracy  : 98.27%

======================================================================
CLASSIFICATION REPORT
======================================================================

                         precision    recall  f1-score   support

               Aloevera     0.9048    1.0000    0.9500        19
                   Amla     0.9167    1.0000    0.9565        11
           Amruthaballi     1.0000    0.9333    0.9655        15
                  Arali     1.0000    1.0000    1.0000        14
             Astma_weed     0.8667    1.0000    0.9286        13
               Badipala     0.8000    1.0000    0.8889        12
           Balloon_Vine     1.0000    0.8889    0.9412         9
                 Bamboo     1.0000    1.0000    1.0000        19
                  Beans     0.8889    1.0000    0.9412        16
                  Betel     1.0000    0.8889    0.9412        18
                 Bhrami     0.9333    0.8750    0.9032        16
             Bringaraja     1.0000    0.9167    0.9565        12
             Caricature     1.0000    1.0000    1.0000        12
                 Castor     1.0000    1.0000    1.0000        20
           Catharanthus     1.0000    0.9048    0.9500        21
                 Chakte     1.0000    0.8182    0.9000        11
                 Chilly     1.0000    0.8182    0.9000        11
Citron lime (herelikai)     0.8462    0.6875    0.7586        16
                 Coffee     0.9231    0.9231    0.9231        13
  Common rue(naagdalli)     0.8462    1.0000    0.9167        11
              Coriender     0.9444    0.9444    0.9444        18
                  Curry     1.0000    0.9231    0.9600        26
             Doddpathre     1.0000    1.0000    1.0000        21
              Drumstick     1.0000    1.0000    1.0000         9
                   Ekka     1.0000    1.0000    1.0000        13
             Eucalyptus     1.0000    0.7500    0.8571        12
               Ganigale     1.0000    1.0000    1.0000        12
                 Ganike     0.9091    1.0000    0.9524        10
               Gasagase     0.7857    0.8462    0.8148        13
                 Ginger     0.9286    1.0000    0.9630        13
         Globe Amarnath     1.0000    1.0000    1.0000        11
                  Guava     0.8000    1.0000    0.8889        20
                  Henna     1.0000    0.7692    0.8696        13
               Hibiscus     1.0000    1.0000    1.0000        19
                  Honge     0.9333    0.9333    0.9333        15
                Insulin     1.0000    1.0000    1.0000        14
              Jackfruit     0.9412    0.9412    0.9412        17
              Kambajala     0.9091    1.0000    0.9524        10
               Kohlrabi     1.0000    1.0000    1.0000        12
                Lantana     0.8333    0.8333    0.8333        12
                  Lemon     0.9412    0.8421    0.8889        19
            Malabar_Nut     0.7000    0.7778    0.7368         9
        Malabar_Spinach     1.0000    0.8462    0.9167        13
                  Mango     0.9333    0.8750    0.9032        16
               Marigold     1.0000    0.9333    0.9655        15
                   Mint     1.0000    0.9524    0.9756        21
                   Neem     0.9444    0.8095    0.8718        21
              Nelavembu     0.7857    0.7333    0.7586        15
                 Nerale     0.8182    0.9000    0.8571        10
                  Nooni     0.8000    1.0000    0.8889        12
                  Onion     0.7368    0.9333    0.8235        15
                  Padri     0.8571    1.0000    0.9231        12
         Palak(Spinach)     0.9200    1.0000    0.9583        23
                 Papaya     1.0000    0.9524    0.9756        21
              Parijatha     1.0000    1.0000    1.0000        11
           Pomoegranate     1.0000    1.0000    1.0000        12
                Pumpkin     1.0000    1.0000    1.0000        15
                   Rose     1.0000    1.0000    1.0000        17
                Sampige     1.0000    0.7000    0.8235        10
             Seethapala     0.8000    0.8889    0.8421        18
               Spinach1     1.0000    1.0000    1.0000        11
               Tamarind     1.0000    1.0000    1.0000        27
                   Taro     1.0000    1.0000    1.0000        11
                 Tecoma     0.8462    1.0000    0.9167        11
                 Thumbe     0.9167    0.9167    0.9167        12
                 Tomato     1.0000    1.0000    1.0000        10
                  Tulsi     1.0000    0.8571    0.9231        28
                 ashoka     1.0000    1.0000    1.0000        13
                camphor     1.0000    1.0000    1.0000        11
            kamakasturi     0.8889    0.7273    0.8000        11
                 kepala     0.6667    1.0000    0.8000        12

               accuracy                         0.9337      1041
              macro avg     0.9361    0.9330    0.9309      1041
           weighted avg     0.9405    0.9337    0.9338      1041
