BOTONIIQ SPECIES V2 EVALUATION
======================================================================

Test Images: 1041
Top-1 Accuracy: 94.14%
Top-3 Accuracy: 98.27%

======================================================================
CLASSIFICATION REPORT
======================================================================

                         precision    recall  f1-score   support

               Aloevera     0.9474    0.9474    0.9474        19
                   Amla     1.0000    0.9091    0.9524        11
           Amruthaballi     1.0000    0.9333    0.9655        15
                  Arali     1.0000    1.0000    1.0000        14
             Astma_weed     0.8125    1.0000    0.8966        13
               Badipala     0.9231    1.0000    0.9600        12
           Balloon_Vine     1.0000    0.7778    0.8750         9
                 Bamboo     0.9500    1.0000    0.9744        19
                  Beans     1.0000    1.0000    1.0000        16
                  Betel     0.9474    1.0000    0.9730        18
                 Bhrami     0.8333    0.9375    0.8824        16
             Bringaraja     0.9167    0.9167    0.9167        12
             Caricature     1.0000    1.0000    1.0000        12
                 Castor     1.0000    1.0000    1.0000        20
           Catharanthus     1.0000    0.9048    0.9500        21
                 Chakte     0.9091    0.9091    0.9091        11
                 Chilly     0.9091    0.9091    0.9091        11
Citron lime (herelikai)     0.9333    0.8750    0.9032        16
                 Coffee     1.0000    0.8462    0.9167        13
  Common rue(naagdalli)     0.7857    1.0000    0.8800        11
              Coriender     0.9444    0.9444    0.9444        18
                  Curry     1.0000    0.8462    0.9167        26
             Doddpathre     1.0000    1.0000    1.0000        21
              Drumstick     1.0000    1.0000    1.0000         9
                   Ekka     1.0000    1.0000    1.0000        13
             Eucalyptus     0.8462    0.9167    0.8800        12
               Ganigale     1.0000    0.8333    0.9091        12
                 Ganike     0.7692    1.0000    0.8696        10
               Gasagase     0.8333    0.7692    0.8000        13
                 Ginger     1.0000    1.0000    1.0000        13
         Globe Amarnath     1.0000    1.0000    1.0000        11
                  Guava     0.8261    0.9500    0.8837        20
                  Henna     1.0000    0.7692    0.8696        13
               Hibiscus     1.0000    1.0000    1.0000        19
                  Honge     0.9333    0.9333    0.9333        15
                Insulin     1.0000    1.0000    1.0000        14
              Jackfruit     0.9412    0.9412    0.9412        17
              Kambajala     1.0000    1.0000    1.0000        10
               Kohlrabi     1.0000    1.0000    1.0000        12
                Lantana     0.8462    0.9167    0.8800        12
                  Lemon     1.0000    0.9474    0.9730        19
            Malabar_Nut     0.8889    0.8889    0.8889         9
        Malabar_Spinach     1.0000    0.7692    0.8696        13
                  Mango     0.9375    0.9375    0.9375        16
               Marigold     1.0000    0.9333    0.9655        15
                   Mint     0.9524    0.9524    0.9524        21
                   Neem     1.0000    0.9048    0.9500        21
              Nelavembu     0.9231    0.8000    0.8571        15
                 Nerale     0.7500    0.9000    0.8182        10
                  Nooni     0.8000    1.0000    0.8889        12
                  Onion     0.9286    0.8667    0.8966        15
                  Padri     0.9231    1.0000    0.9600        12
         Palak(Spinach)     0.9583    1.0000    0.9787        23
                 Papaya     0.9130    1.0000    0.9545        21
              Parijatha     1.0000    1.0000    1.0000        11
           Pomoegranate     1.0000    1.0000    1.0000        12
                Pumpkin     1.0000    1.0000    1.0000        15
                   Rose     1.0000    1.0000    1.0000        17
                Sampige     1.0000    0.7000    0.8235        10
             Seethapala     0.7619    0.8889    0.8205        18
               Spinach1     1.0000    1.0000    1.0000        11
               Tamarind     1.0000    1.0000    1.0000        27
                   Taro     1.0000    1.0000    1.0000        11
                 Tecoma     0.7857    1.0000    0.8800        11
                 Thumbe     1.0000    1.0000    1.0000        12
                 Tomato     1.0000    1.0000    1.0000        10
                  Tulsi     1.0000    0.7500    0.8571        28
                 ashoka     1.0000    1.0000    1.0000        13
                camphor     1.0000    1.0000    1.0000        11
            kamakasturi     0.9167    1.0000    0.9565        11
                 kepala     0.7500    1.0000    0.8571        12

               accuracy                         0.9414      1041
              macro avg     0.9436    0.9426    0.9398      1041
           weighted avg     0.9478    0.9414    0.9414      1041
